20896 6
20897 2
20898 3
20899 2
20905 3
21044 4
21053 4
21129 3
21334 10
21449 6
21450 10
22598 5
22629 4
22700 3
22701 3
22702 2
22703 4
22877 3
22878 3
22900 4
22901 4
22932 5
23048 3
23130 4
23131 3
23134 2
23154 3
23155 5
23157 3
23158 4
23387 11
23541 6
23542 2
23718 4
23786 4
23811 2
24125 3
24205 3
24206 6
24207 4
24325 3
24363 10
25331 3
25338 3
25385 4
25386 4
25387 4
25388 7
25464 4
25481 4
27095 3
27122 4
27123 3
27276 2
27294 5
27396 5
27397 4
27398 5
27399 5
27415 3
27416 4
27453 3
27866 4
27867 4
27874 2
27876 5
28099 3
28100 4
28369 2
28387 2
28401 3
28410 4
28462 2
28469 5
28557 3
28558 3
33574 4
35982 3
36024 3
36306 3
36524 4
36525 4
36534 4
28415 4
24203 6