20873 4
20874 3
20875 8
20876 7
20910 4
20911 3
20917 2
20918 3
20919 7
21029 3
21159 7
21169 4
21399 2
21483 3
21484 8
21485 3
21487 5
21497 4
22595 3
22610 2
22627 4
22680 2
22688 3
22691 3
22726 3
22727 5
22804 4
22809 3
22810 4
22813 4
22815 2
22816 2
22898 3
23216 2
23690 3
23691 2
23728 3
23729 3
23730 5
23743 4
23809 2
23832 3
23833 4
23834 9
23864 3
24064 4
24065 4
24321 6
24322 3
24323 3
24324 3
24491 3
24492 3
24531 3
25250 4
25263 2
25264 3
25376 3
25377 4
25379 2
25380 3
25381 3
25384 8
25480 3
25482 4
25513 3
25514 3
25555 6
25556 3
25558 6
25559 5
25566 4
25567 2
25568 3
26920 3
26933 4
27282 4
27284 4
27285 6
27290 5
27292 4
27293 5
27295 10
27318 3
27319 3
27411 4
27414 2
27417 2
27461 7
27496 3
27497 4
27498 4
27499 4
27607 6
27655 3
27673 4
27761 2
27779 3
27794 3
27808 4
27810 3
27811 3
27812 3
27821 3
27894 5
28034 4
28036 3
28072 3
28101 6
28103 4
28112 2
28145 3
28168 2
28169 4
28170 5
28171 4
28175 4
28190 3
28191 3
28200 5
28259 3
28264 5
28281 3
28282 3
28283 5
28292 5
28362 3
28413 4
28425 3
28470 3
28483 3
28501 3
28509 5
28521 3
31119 3
33189 4
33291 2
33292 5
33530 4
33568 4
33675 3
36002 3
