20901 3
20907 5
20908 5
20910 4
20911 3
20918 3
20919 7
21168 7
21169 4
21170 4
21174 3
21176 5
21177 4
21178 9
21472 4
21483 3
21484 8
21485 3
21486 6
21487 5
21500 3
21501 2
21503 4
22557 3
22579 3
22627 4
22663 3
22670 3
22671 6
22710 6
22712 3
22841 3
22844 3
22926 4
22929 5
22930 7
22931 7
23495 4
23681 4
23682 3
23683 4
23689 4
23690 3
23691 2
24052 3
24192 4
24203 6
24491 3
24492 3
25263 2
25265 3
25266 5
25344 2
25345 4
25346 6
25347 4
25358 4
25359 11
25376 3
25378 5
25379 2
25445 2
25447 5
25459 6
25466 4
25512 4
25524 3
25526 5
25540 2
25583 3
26853 4
26854 4
26934 4
27282 4
27284 4
27285 6
27303 2
27412 2
27414 2
27417 2
27418 5
27420 3
27431 3
27435 3
27436 3
27496 3
27497 4
27498 4
27499 4
27500 2
27607 6
27664 4
27665 4
27672 4
27674 3
27675 3
27676 3
27677 4
27679 4
27682 5
27761 2
27779 3
27808 4
27809 5
27820 3
27822 3
27823 5
27886 6
28021 4
28029 4
28032 3
28033 3
28035 3
28102 3
28120 6
28122 3
28123 2
28126 2
28217 3
28218 4
28219 4
28402 3
28403 3
28408 3
28409 5
28415 4
28425 3
28470 3
28483 3
28508 5
28509 5
28520 4
28521 3
28545 3
28635 6
31104 5
31119 3
33569 6
