20873
20874
20875
20876
20896
20897
20898
20899
20905
20910
20911
20917
21029
21044
21053
21129
21159
21168
21334
21399
21449
21450
21472
21484
21485
21487
21497
21500
21501
21503
22557
22595
22598
22610
22629
22663
22680
22688
22691
22700
22701
22702
22703
22710
22712
22726
22727
22804
22809
22810
22813
22815
22816
22841
22844
22877
22878
22898
22900
22931
22932
23048
23130
23131
23134
23154
23155
23157
23158
23216
23387
23495
23541
23542
23681
23682
23683
23718
23728
23729
23730
23743
23786
23809
23811
23832
23833
23834
23864
24064
24065
24125
24192
24203
24205
24206
24207
24321
24322
24323
24324
24325
24363
24531
25250
25264
25265
25266
25331
25338
25344
25358
25359
25377
25378
25380
25381
25384
25385
25386
25387
25388
25445
25447
25464
25466
25480
25481
25482
25513
25514
25524
25526
25540
25555
25556
25558
25559
25566
25567
25568
25583
26853
26854
26920
26933
27095
27122
27123
27276
27290
27292
27293
27294
27295
27318
27319
27396
27397
27398
27399
27411
27412
27415
27416
27418
27420
27431
27435
27436
27453
27461
27497
27500
27655
27664
27665
27672
27673
27674
27675
27677
27682
27794
27809
27810
27811
27812
27820
27821
27822
27823
27866
27867
27874
27876
27894
28032
28033
28034
28035
28036
28072
28099
28100
28101
28103
28112
28120
28122
28123
28126
28145
28168
28169
28170
28171
28175
28190
28191
28200
28259
28264
28281
28282
28283
28292
28362
28369
28387
28401
28402
28403
28408
28409
28410
28413
28415
28462
28469
28501
28508
28520
28545
28557
28558
28635
31104
31119
33189
33291
33292
33530
33568
33569
33574
33675
35982
36002
36024
36305
36306
36524
36525
36534