23728 3
22804 4
25381 3
25380 3
22809 3
25250 4
22726 3
22727 5
25558 6
25559 5
27318 3
28175 4
23809 2
25377 4
28171 4
28170 5
28264 5
28501 3
23864 3
25264 3
33568 4
23833 4
28145 3
25514 3
33675 3
25566 4
25513 3
20917 2
33189 4
23730 5
28283 5
28282 3
27411 4
28259 3
21029 3
28413 4
28190 3
22813 4
22810 4
23834 9
22816 2
23832 3
22680 2
25567 2
25568 3
22688 3
33292 5
36002 3
33291 2
28281 3
28168 2
28169 4
24531 3
24065 4
24064 4
27821 3
27655 3
22898 3
26920 3
28072 3
28103 4
27812 3
23216 2
23743 4
33530 4
28292 5
24323 3
20876 7
27894 5
20874 3
20875 8
26933 4
20873 4
24322 3
22691 3
24321 6
27811 3
27810 3
24324 3
21159 7
28036 3
21497 4
27673 4
28362 3
25556 3
22815 2
28034 4
22595 3
27293 5
27292 4
25555 6
27290 5
28191 3
27461 7
27295 10
28200 5
25384 8
22610 2
27794 3
28112 2
25480 3
28101 6
25482 4
27319 3
23729 3
21399 2
