20915 5 12
20916 3 6
27499 3 4
23361 7 13
22668 1 1
23693 1 5
21407 4 8
27886 5 12
28102 3 6
28103 1 9
28100 3 3
28101 5 12
33889 5 5
22769 8 12
26934 3 6
25347 2 8
25346 5 7
25345 3 8
25344 1 9
27370 6 5
27371 3 10
27277 5 5
27276 4 6
25526 4 6
25524 2 6
30990 3 4
30991 3 4
24277 5 8
24278 3 7
28032 2 4
28033 2 4
28409 4 6
28408 2 6
28036 2 3
28034 3 5
28035 2 3
28403 2 3
28402 2 3
28401 2 6
27303 4 6
27309 4 13
27308 7 10
27907 1 6
27906 2 5
25230 4 8
22900 3 5
22901 3 6
23541 5 12
28247 2 3
28415 3 5
27655 2 8
28499 3 5
28089 1 3
22627 3 6
22629 5 8
22628 4 6
21336 5 8
21337 4 10
22877 2 4
22878 1 2
21338 5 10
36534 2 8
36024 2 4
27876 4 5
27875 2 6
27874 3 5
22535 5 9
22531 5 10
21435 7 8
21434 2 9
21029 2 4
25390 3 9
25391 3 6
28568 5 7
28569 5 8
25271 5 6
25270 4 7
25475 2 10
25474 8 7
25476 7 14
25473 5 16
24529 3 8
28362 3 6
28369 5 10
23758 4 6
23759 2 4
27682 4 10
27685 5 10
27686 2 7
27687 4 6
27763 5 15
27762 6 13
27761 5 14
27764 5 12
23114 5 6
26933 3 6
23112 2 6
22575 6 7
22579 1 2
22670 2 6
22671 5 10
36691 4 9
23681 3 4
23682 2 4
23683 3 4
25358 4 8
25359 10 4
27435 2 2
27431 4 6
23080 6 15
27822 2 4
27823 4 5
21501 1 2
21503 3 7
27266 5 10
27265 3 8
22706 4 6
22707 3 9
28410 3 8
22703 1 1
22700 1 3
28413 3 3
21053 3 5
35982 2 7
22708 8 12
28007 4 11
28006 5 12
28005 5 8
28004 4 8
28003 7 13
27315 6 8
27310 5 13
27311 5 13
27318 2 3
27319 2 1
25228 5 13
25229 5 11
25224 4 6
25225 4 7
25226 5 10
25227 4 9
23158 3 5
23159 5 7
23019 6 17
28099 1 2
23154 2 5
23155 4 10
23156 5 7
23157 2 5
22638 2 6
33195 1 1
23729 2 4
23728 2 4
23231 4 12
27865 4 13
27866 3 7
27867 3 5
27868 4 11
27869 6 14
22528 5 8
22529 2 6
22688 2 4
33292 4 5
33291 2 5
22719 4 7
33530 3 2
23748 6 16
27811 2 6
27810 2 5
27812 2 4
25365 1 3
22598 4 6
25385 2 5
25480 2 6
25481 3 7
25482 3 6
23048 1 3
25269 4 6
25466 3 8
25465 6 9
25460 5 10
25461 4 11
28052 1 7
24390 2 5
28425 2 4
27776 6 10
27777 6 9
22926 3 9
27778 5 11
27679 3 7
27675 2 5
27674 2 6
27677 3 4
27676 2 7
27673 3 4
27672 3 8
24108 5 6
24106 2 6
24104 5 7
24105 5 7
24473 2 6
28126 4 9
28122 2 11
26853 6 15
26854 6 13
27427 1 5
27429 1 4
27399 4 4
23497 5 11
23863 5 9
27095 2 4
21129 3 9
23543 4 8
23542 5 12
28546 7 8
28545 2 5
33574 3 4
25556 6 12
25557 5 10
25555 5 12
27732 6 16
27733 6 15
27734 7 15
27735 7 18
25558 6 14
25559 7 13
28264 4 9
27396 1 2
23006 2 6
23004 7 15
23005 8 17
33189 1 2
28281 2 4
28283 4 6
28282 2 3
22813 3 4
22810 3 1
23229 4 9
21319 4 10
22815 1 2
36002 1 2
27894 4 6
23821 3 4
22692 2 4
22693 6 9
21413 6 12
27295 6 6
27294 4 6
28114 1 7
28111 5 7
28112 2 6
22777 1 6
22771 4 11
22770 8 15
28500 3 4
28501 2 6
25378 4 7
25379 1 1
25376 5 9
25377 3 7
28508 4 4
28509 4 5
27808 3 5
27809 4 7
27367 5 8
27366 4 8
27365 2 4
27364 5 4
27363 6 11
27411 1 1
27417 1 2
27416 3 2
21174 2 2
25513 2 2
25459 5 10
25514 1 1
28021 5 10
28024 6 9
28029 3 2
24389 6 12
28435 1 1
28340 2 2
25583 2 4
23745 5 12
23240 6 14
27664 3 4
27665 3 4
28483 7 12
28485 1 7
28484 1 7
23498 6 16
22556 6 8
22555 3 4
23496 4 9
20920 1 4
22552 4 6
27798 2 6
36525 3 4
36524 3 4
25338 1 9
27846 2 12
27847 4 7
23812 6 9
23817 2 2
23816 4 6
27121 1 3
21130 7 9
21133 2 4
25418 6 10
25387 5 10
25386 3 6
28470 2 4
25384 7 13
25381 1 2
22726 2 5
22727 4 5
25389 5 10
25388 6 11
28572 5 14
33568 3 6
33569 5 9
25561 2 6
25560 4 2
25568 2 4
28370 3 8
22553 2 2
27821 2 4
26920 2 8
28072 2 3
23217 3 11
23216 6 8
23743 3 5
28292 4 7
23744 5 12
23747 4 11
23746 5 12
22610 2 4
22611 2 1
27053 4 10
23190 6 13
27694 8 20
27693 5 15
27692 5 15
28191 2 5
28190 2 5
21397 5 13
21398 5 10
28200 4 6
28615 4 8
