20901
20907
20908
20910
20911
20918
20919
21168
21169
21170
21174
21176
21177
21178
21472
21483
21484
21485
21486
21487
21500
21501
21503
22557
22579
22627
22663
22670
22671
22710
22712
22841
22844
22926
22929
22930
22931
23495
23681
23682
23683
23689
23690
23691
24052
24192
24203
24491
24492
25263
25265
25266
25344
25345
25346
25347
25358
25359
25376
25378
25379
25445
25447
25459
25466
25512
25524
25526
25540
25583
26853
26854
26934
27282
27284
27285
27303
27412
27414
27417
27418
27420
27431
27435
27436
27496
27497
27498
27499
27500
27607
27664
27665
27672
27674
27675
27676
27677
27679
27682
27761
27779
27808
27809
27820
27822
27823
27886
28021
28029
28032
28033
28035
28102
28120
28122
28123
28126
28217
28218
28219
28402
28403
28408
28409
28415
28425
28470
28483
28508
28509
28520
28521
28545
28635
31104
31119
33569