21484;21487,21483,22816,23495,25331,25263,22929;21472,21486,22932,22930
21485;21472,21486;21487,22929,23495
31119;21334,28469;21168,21159,23718,24125,27123,21449,22710,22931,24491,24065,25265
21487;21472,21486,21484,22932;21485,22929,23495,21483,22816,25331,25263,22931
20911;20897,20896;20901,20898,22691,20910
20910;20896,20908,27418;20901,20898,22691,20911,20907,24206,27285,27498,27453,36306
27497;24323,22703,27496;24324,22809,27435,27415
21483;21484,25331;21487,22816,23495,25263,22929
27499;22877,27318,23683;22810,27319,23682,22688
27498;22878,27418,36305;22810,20910,27453,36306,24322
20919;20876,20918,23730,24203,24321,27461;20875,23834,27607,20874,20873,23689,23786,22804
20918;20919,23730;20876,24203,24321,27461,20873
27284;20907,27285,24206;20908,20905,27282,24207,24192,24205
27285;20908,24207,20905,27284,27282;20910,20907,24206,24192,22557
21169;21450,23387,24363;21449,28219,21497,28218,28217,28558,28557,21399,22844,28170,21170,21168,21159,22710,22931
25263;21484;21487,21483,22816,23495,25331,22929
27282;20907,27285,22557;20908,20905,27284,24207,20901
25379;21174;27808
25376;25459,25388;25387,28021,28483,25466,27655,35982
24491;28469,25566;24065,25265,31119,25567,25540
24492;28169,25447;23130,28171,25266,25464,28145
28509;28501,27675,27674,26933;25526,23743,28508,27665,26934
28470;22627,22900;36525,28200,22727,28035
27808;21174,25513,27823;25379,25514,25568,28191,28190
27607;20876,24203,24321,27461,23833;20875,20919,23834,20874,20873,23730,23689,23786,22804,23832,27436
28483;25459,25388;25376,25387,28021,25466,27655,35982
23691;23690;23689
23690;23691,23689;24321,27436
22627;28470,36525,28200;22900,27812,27811,21129,22610,27867
28425;25386,25481;25387,27095,27894,28283
27761;25384;23542,22671,25559,25558,27886,28369
27496;27497,27415;24323,22703,27414
28521;25250,28520;24065,31104,27820
27414;27415;27496
27417;27416;22815,22813
27779;22595,28635;28259,22844,28170,23134,28387
27886;23541,25384,25555,27682,28101;22926,22671,25559,25558,23542,27761,28369,25556,28112,28126,27874,28102
27676;23743,26854;27399,27675,26853,26920
28102;23154,28101;23155,22671,25559,25558,27886
25345;25346,25359,33569;25347,25358,28264,25344,25338,28122,28103,28410
28218;21497,21450,23387;21169,21449,24363,28219,28217,28558,28557,21399,22844,28170
28219;21450,24363,23387;21169,21449,21497,28218,28217,28558,28557,21170,21168,21159,22710,22931,21399,22844,28170
28217;21450,23387;21169,21449,24363,28219,21497,28218,28558,28557,21399,22844,28170
25344;25359;25347,25346,25345,25338,25358,28122,28103,28264,33569
21174;27808,25379;25513,27823
20907;20908,20905,27284,27282;20910,24206,27285,22557
21176;21178,21177,21159,28103;21168,21170,21449,22710,22931,28120,21334,24363,22930,25359
21177;21178,21176,28120;21168,21170,21159,21449,22710,22931,28103,25338,25347,28122
21170;24363,21178,21159;21168,21450,21449,21169,28219,22710,22931,21177,21176,21334,22930
27303;27295;23864,23216,27294,27292,27276,27431,27293,36534
20901;22557,20896;27282,20898,22691,20911,20910
22579;28029,28175;22926,33189,24531,23048
21178;21168,21170,21177,21176,21159,21449,22710,22931;21334,24363,22930,23130,28099,28120,28103,21450,22932
20908;20910,20907,24206,27285;20896,27418,20905,27284,27282,24192,24207,24205
24052;25464,25266;23131,25447,25445,28168
22926;23541,27876,28029;22671,25559,25558,27886,23048,21053,28401,22579,33189
25512;25514,27794,27820;25513,28145,28520
26934;25526,27664,26933;28501,25524,27866,27665,27679,28509
25459;25376,25387,28021,28483,25466;25388,25386,23155,27866
22929;22932,22930,21486,21484;21487,22931,23495,21168,21159,21449,22710,21472,21485,21483,22816,25331,25263
25347;25346,25359,28120;25345,25358,28264,25344,25338,28122,28103,33569,21177
25346;25347,25345,25359,25358,28264;28120,33569,25344,25338,28122,28103,25377
22670;22671,21053;28101,23541,25384,25555,25385,27876
22671;22670,28101,23541,25384,25555;21053,28102,25559,25558,27886,22926,23542,27761,28369,25556
28021;25459,25388,23155;25376,25387,28483,25466,27655,35982,22629,23154
21486;21472,21487,21485,22929,23495;21484,22932,22930
27679;27664,26853,27677;27665,26934,27672,26854
23689;23690,24321,27436;23691,20875,20919,23834,27607,23833
22930;21168,21159,21449,22710,22931,22929;21178,21334,24363,23130,28099,21176,21170,21450,22932,21486,21484
28029;22579,22926,33189;28175,23541,27876,21044,22663
22844;28635,23387;28170,23134,27779,28387,21169,21497,21399,28219,28218,28217,28558,28557
27677;27665,27679,27672;27664,26933,26853,27673
21472;21487,21486,21485;21484,22932,22929,23495
22841;24064,25264;24065,28462,25265
23681;23682,25482,28282;23683,28283,35982,28281
23682;23683,23681;22688,27499,25482,28282
23683;23682,22688,27499;23681,22813,22877,27318
27675;23743,28509;27399,27676,28501,27674,26933
25583;25568,22727;27823,23729,25524,22900
21168;21178,21334,24363,22930,23130,28099;21170,21177,21176,21159,21449,22710,22931,23718,24125,27123,31119,21450,21169,28219,22929,23131,28169,28100
27672;27673,27677,26853;28545,27095,27665,27679,26854
27674;28508,28509;25480,27655,26920,28501,27675,26933
25265;25264,28469;22841,24491,24065,31119
28635;22844,28170,23134,27779,28387;23387,28171,28259,22595
25526;28501,26934,25524,27866;28509,27664,26933,22727,27867,25466
27500;22804;22712,27461
25524;22727,25526;23729,22900,25583,28501,26934,27866
25378;23157,28410,28408,27809;23158,25377,33569,28409,27810,27822,28415
25358;25346,25359,33569;25347,25345,28264,25344,25338,28122,28103,28410
25359;25347,25346,25345,25344,25338,25358,28122,28103,28264,33569;28120,21176,25377,28410
27436;23689,23833;23690,24321,23832,27607
27435;22813,22703;22688,27416,27497,22809
25540;25566;25567,24491
22710;21178,21334,24363,22930,22931;21168,21170,21177,21176,21159,21449,23718,24125,27123,31119,21450,21169,28219,22929,22932
27431;27295,27293;23864,23216,27294,27292,27276,27303,36534
22712;23786,22804;23834,27461,27500
28520;28521,27820,31104;25250,25512,23718,24125
25445;25266;24052,25447,28168
25266;24052,25447,25445,28168;25464,24492,28145
25447;25266,25464,24492,28145;24052,25445,28168,23131,28169,27794
27820;25512,28520;25514,27794,28521,31104
28508;27674,25480,27655,26920;28509,28283,25388,26854
27822;27809,27821;27810,25378,28415,28292
27823;27808,25568,28191,28190;21174,25513,25583,36524,33568
28032;28034,33568;27894,28033,28190,22629
28033;28034,36524;27894,28032,28191,28362
28409;25377,28292,36024,28408;28410,28264,27821,28100,28413,25378
28408;25378,28409;23157,28410,27809,25377,28292,36024
21501;33530;21029,23158
21500;21503,25385;33292,22598,21053
21503;33292,21500,22598;21029,23158,33291,25385,22901,28401
28035;28036,22900;33574,22727,28470
28403;22901,28402;22598,33574,28362
28402;28403,28362;22901,36524
27664;27665,27679,26934;26933,27677,26853,25526
27665;27664,26933,27677;27679,26934,28509,27672
33569;28410,25345,25359,25358,28264;25378,25377,25346,25347,25344,25338,28122,28103
31104;23718,24125,25250,28520;21334,27122,24065,28521,27820
22557;20901,27282;20896,20907,27285
22663;22680,33189;21044,28029
22931;22932,21178,21334,24363,22710,22930;21487,22929,23495,21168,21170,21177,21176,21159,21449,23718,24125,27123,31119,21450,21169,28219
28126;27682;28112,27874,27886
27809;27810,25378,27822,28415;33574,23157,28410,28408,27821,22726,27812
28120;21177,25338,25347,28122,28103;21178,21176,25359,25346
28122;25359,28120;25347,25346,25345,25344,25338,25358,28103,28264,33569,21177
28123;21044;33189,22898
26853;27679,27672,26854;27664,27677,27673,27676,26920
24192;24207,24206,24205;27285,20908,27284
26854;27676,26853,26920;23743,27679,27672,28508
28545;28283,27673;25482,25480,25481,27672,27095
25466;23155,25459,27866;22629,23154,28021,25376,25387,28483,27867,25526
27418;27498,20910,27453,36306;22878,36305,20896,20908,27420,27397
23495;21484,21486,22932;21487,21483,22816,25331,25263,22929,21472,21485,22931
27412;27411;27319,27397
27682;28112,28126,27874,27886;23541,25384,25555,28101
27420;22691,27453;20896,27418
28415;22726,27812,27809;27894,36525,27810,25378,27822
24203;20919,23730,20875,23834,27607;20876,20918,24321,27461,20873,20874,33675,23786,20917,23811,23809,23833
24205;24192,24206;24207,20908,27284
22703;27497,22809,27435;24323,27496,27396,22813
24207;24192,24206,27285;24205,20908,27284,20905,27282
21450;21169,21449,24363,28219,21497,28218,28217,28558,28557;23387,21178,21334,22930,21170,21168,21159,22710,22931
21053;25385,22670,27876;21500,22598,22671,22926,23048,28401
22901;22598,28403,33574;21503,25385,28401,28402,27810,28036
23541;22926,22671,25559,25558,27886;27876,28029,22670,28101,25384,25555,25556,27682
23786;23834,22712,27461;20876,20917,23811,23809,24203,24321,22804,20875,20919,27607
28558;21450,23387;21169,21449,24363,28219,21497,28218,28217,28557,21399,22844,28170
27398;22700,27290,24325,24322;27399,23864,27294,36534,24324,36305
27399;23728,23743,22700,36534;23729,27676,27675,27398,27295,27290
27396;23832,22810,22809,33675;23833,22878,22877,22703,20875
27397;27411,22701,36306;27412,27319,22702,27418
28557;21450,23387;21169,21449,24363,28219,21497,28218,28217,28558,21399,22844,28170
24363;21170,21168,21159,21450,21449,21169,28219,22710,22931;21178,21334,22930,23130,28099,21176,21497,28218,28217,28558,28557,23387,22932
25481;27894,28283,28425;22726,28034,28281,25482,25480,28545,25386
27095;25386,27673;25387,28425,27672,28545
28387;28635;22844,28170,23134,27779
23387;21169,21497,21399,22844,28170,28219,28218,28217,28558,28557;21450,24363,28635,28171,28259
27294;27295,27292,27290,27293;23864,23216,27276,27303,27431,36534,27398
28401;27876,22598;22926,23048,21053,21503,22901,25385
22702;22701;27397
27276;27295;23864,23216,27294,27292,27303,27431,27293,36534
36525;22627,27812,27811;28470,28200,28415,22629
36524;28033,28191,28362;28034,27823,28402
21044;33189,22898,28123;22663,28029,24531
25464;24052,23131,25447;25266,23130,24492,28145
25331;21484,21483;21487,22816,23495,25263,22929
28369;25384;23542,22671,25559,25558,27886,27761
22700;27398,27399;27290,24325,24322,23728,23743,36534
21129;28072,28200;27867,22610,22627
22629;23155,27811,33568;23154,25466,28021,36525,28032,28190
27415;27496,27414;27497
25338;25359,28120;25347,25346,25345,25344,25358,28122,28103,28264,33569,21177
24206;20908,24192,24207,24205,27284;20910,20907,27285
25388;25376,25387,28021,28483,27655,35982;25459,25386,23155,28508,25482
22932;21487,22931,22929,23495;21472,21486,21484,21178,21334,24363,22710,22930
22900;22727,28035,28470;23729,25524,25583,28036,22627
21334;21168,21159,23718,24125,27123,31119,21449,22710,22931;21178,24363,22930,23130,28099,21176,21170,31104,27122,28469,21450,22932
28462;24064;24065,22841
24125;21334,31104;21168,21159,23718,27123,31119,21449,22710,22931,25250,28520
23718;21334,31104,27122;21168,21159,24125,27123,31119,21449,22710,22931,25250,28520,25380
23542;25384;22671,25559,25558,27886,27761,28369
28469;24491,24065,25265,31119;25566,24064,25250,25264,21334
21449;21450,21178,21334,24363,22930;21169,28219,21497,28218,28217,28558,28557,21168,21170,21177,21176,21159,22710,22931,23718,24125,27123,31119,22929
27416;27417,22815,22813;22688,27435
22878;27498,22810;27418,36305,22877,27396
35982;25482,25388;23681,28283,25376,25387,28021,28483,27655
36534;27399,27295,27290;23728,23743,22700,23864,23216,27294,27292,27276,27303,27431,27293,27398
23048;27876,28175;22926,21053,28401,24531,22579
27866;27867,25466,25526;28072,28200,23155,25459,28501,26934,25524
27453;27418,27420;27498,20910,36306,22691
22877;27499,22810;27318,23683,22878,27396
23811;23834;20876,23786,20917,23809,24203,24321,27461
27867;27866,28072,28200;25466,25526,21129,22610,22627
36306;27397,27418;27411,22701,27498,20910,27453
36305;24322,27498;27398,22878,27418
22701;22702,27397;27411,36306
23158;23157,33292,33530;25378,21503,21029,33291,21501
20905;20907,27285;20908,27284,27282,24207
33574;22901,27810,28036;22598,28403,27809,28035
28410;25378,25377,33569;23157,28408,27809,28409,28264,25345,25359,25358
28099;28100,21168;28292,36024,21178,21334,24363,22930,23130
27123;21334,27122;21168,21159,23718,24125,31119,21449,22710,22931,25380
27122;25380,27123,23718;25381,21334,31104
23154;23155,28102;22629,25466,28021,28101
23155;22629,23154,25466,28021;27811,33568,28102,25459,27866,25388
36024;28409,28100;25377,28292,28408,28099
23157;23158,25378;33292,33530,28410,28408,27809
27876;22926,23048,21053,28401;23541,28029,28175,25385,22670,22598
22598;21503,22901,25385,28401;33292,21500,28403,33574,21053,27876
27874;27682;28112,28126,27886
28100;28099,28292,36024;21168,27821,28409,28413
20896;20901,20898,22691,20911,20910;22557,20899,27420,20897,20908,27418
20897;20911;20896
20898;20899,20896;20901,22691,20911,20910
20899;20898;20896
23134;28635;22844,28170,27779,28387
24325;24324,27398;24323,22700,27290,24322
23130;23131,21168,28169;25464,21178,21334,24363,22930,28099,24492,28171
23131;23130,25464;21168,28169,24052,25447
25387;25459,25388,25386;25376,28021,28483,25466,27655,35982,28425,27095
25386;25387,28425,27095;25459,25388,25481,27673
25385;21053,21500,22598;22670,27876,21503,22901,28401
23728;23729,27399;22727,23743,22700,36534
22804;22712,27461,27500;23786,20875,20919,23834,27607
25381;25380,28413;27122,36002,28292
25380;25381,27122;28413,27123,23718
22809;22703,27396;27497,27435,23832,22810,33675
25250;24065,28521,31104;24064,28469,28520,23718,24125
22726;28415,27894;27812,27809,25481,28034,28281
22727;23729,25524,22900,25583;23728,25526,28035,28470,25568
25558;23541,25384,25556,25555,28101;22926,22671,25559,27886,23542,27761,28369,28102
25559;23541,25384,25555,28101;22926,22671,25558,27886,23542,27761,28369,25556,28102
27318;27319,27499;27411,22877,23683
28175;24531,22579,23048;22898,28029,27876
23809;23834;20876,23786,20917,23811,24203,24321,27461
25377;28410,28409,28264;25378,33569,28292,36024,28408,25346,25359
28171;28170,28169,36002;23387,28259,28635,24492,23130,28413
28170;23387,28171,28259,28635;21169,21497,21399,22844,28219,28218,28217,28558,28557,28169,36002,22595,23134,27779,28387
28264;25346,25359,25377,33569;25347,25345,25358,25344,25338,28122,28103,28410,28409
28501;25526,28509;26934,25524,27866,27675,27674,26933
23864;27295,27290;23216,27294,27292,27276,27303,27431,27293,36534,27398
25264;25265,22841;28469,24064
33568;28032,28190,22629;28034,27823,23155,27811
23833;23832,27436,27607;27396,23689,20876,24203,24321,27461
28145;25447,27794;25266,25464,24492,25512
25514;25513,25512;27808,27794,27820
33675;20875,27396;20876,20874,20873,24203,24321,27461,23832,22810,22809
25566;25567,24491,25540;28469
25513;25514,27808;25512,21174,27823
20917;23834;20876,23786,23811,23809,24203,24321,27461
33189;21044,22663,28029;22898,28123,22680,22579,22926
23730;20919,20918,20873,24203;20876,24321,27461,20875,23834,27607
28283;25482,25480,25481,28545;23681,35982,28508,27894,28425,27673
28282;23681,28281;23682,25482,27894
27411;27412,27319,27397;27318,22701,36306
28259;22595,28170;27779,23387,28171,28635
21029;33530,33292;21501,23158,21503,33291
28413;25381,36002,28292;25380,28171,27821,28409,28100
28190;27823,33568;27808,25568,28191,28032,22629
22813;22688,27435,27416;23683,22703,27417,22815
22810;22878,22877,27396;27498,27499,23832,22809,33675
23834;20876,23786,20917,23811,23809,24203,24321,27461;20875,20919,27607,20874,20873,22712,23730,23689,22804
22816;21484;21487,21483,23495,25331,25263,22929
23832;23833,27396;27436,27607,22810,22809,33675
22680;22663;33189
25567;25566;24491,25540
25568;25583,27823;22727,27808,28191,28190
22688;23683,22813;23682,27499,27435,27416
33292;21503,21029,23158,33291;21500,22598,33530,23157
36002;28413,28171;25381,28292,28170,28169
33291;33292;21503,21029,23158
28281;28282,27894;23681,25481,22726,28034
28168;25266;24052,25447,25445
28169;24492,23130,28171;25447,23131,21168,28170,36002
24531;22898,28175;21044,22579,23048
24065;24064,25250,28469;22841,28462,28521,31104,24491,25265,31119
24064;24065,22841,28462;25250,28469,25264
27821;27822,28292;27809,28409,28100,28413
27655;25388,28508;25376,25387,28021,28483,35982,27674,25480,26920
22898;24531,21044;28175,33189,28123
26920;26854,28508;27676,26853,27674,25480,27655
28072;21129,27867;28200,27866
28103;25359,28120,21176;25347,25346,25345,25344,25338,25358,28122,28264,33569,21177,21178,21159
27812;28415,36525;22726,27809,22627,27811
23216;27295;23864,27294,27292,27276,27303,27431,27293,36534
23743;27399,27676,27675;23728,22700,36534,26854,28509
33530;21029,21501,23158;33292,23157
28292;27821,28409,28100,28413;27822,25377,36024,28408,28099,25381,36002
24323;24324,27497;24325,22703,27496
20876;20875,20919,23834,27607,20874,20873;33675,24203,24321,27461,20918,23730,23786,20917,23811,23809,23833
27894;25481,22726,28034,28281;28283,28425,28415,28033,28032,28282
20874;20875,20876;33675,20873,24203,24321,27461,20919,23834,27607
20875;20876,20874,33675,20873,24203,24321,27461;20919,23834,27607,27396,23730,23689,23786,22804
26933;27665,26934,28509;27664,27677,25526,28501,27675,27674
20873;20876,20875,23730;20919,23834,27607,20874,33675,24203,24321,27461,20918
24322;36305,27398;27498,22700,27290,24325
22691;20896,27420;20901,20898,20911,20910,27453
24321;23689,20875,20919,23834,27607;23690,27436,20876,20874,33675,20873,24203,27461,20918,23730,23786,20917,23811,23809,23833
27811;22629,36525;23155,33568,22627,27812
27810;27809,33574;25378,27822,28415,22901,28036
24324;24325,24323;27398,27497
21159;21178,21176,21170,21334,24363,22930;21168,21177,21449,22710,22931,28103,23718,24125,27123,31119,21450,21169,28219,22929
28036;28035,33574;22900,22901,27810
21497;21450,23387,28218;21169,21449,24363,28219,28217,28558,28557,21399,22844,28170
27673;27672,28545,27095;27677,26853,28283,25386
28362;28402,36524;28403,28033,28191
25556;25558,25555;23541,25384,28101,22671,25559,27886
22815;27416;27417,22813
28034;27894,28033,28032;25481,22726,28281,36524,33568
22595;27779,28259;28635,28170
27293;27295,27294,27292,27431;23864,23216,27276,27303,36534,27290
27292;27295,27294,27293;23864,23216,27276,27303,27431,36534,27290
25555;25558,25556,22671,25559,27886;23541,25384,28101,22670,27682
27290;23864,27294,27398,36534;27295,27292,27293,22700,24325,24322,27399
28191;27823,36524;27808,25568,28190,28033,28362
27461;23786,22804,20875,20919,23834,27607;22712,27500,20876,20874,33675,20873,24203,24321,20918,23730,20917,23811,23809,23833
27295;23864,23216,27294,27292,27276,27303,27431,27293,36534;27290,27399
28200;21129,22610,22627,27867;28072,28470,36525,27866
25384;23542,22671,25559,25558,27886,27761,28369;22670,28101,23541,25555,25556,27682
22610;28200;21129,22627,27867
27794;25512,28145;25514,27820,25447
28112;27682;28126,27874,27886
25480;28283,28508;25482,25481,28545,27674,27655,26920
28101;22671,28102,25559,25558,27886;22670,23541,25384,25555,23154,25556,27682
25482;23681,28283,35982;23682,28282,25480,25481,28545,25388
27319;27318,27411;27499,27412,27397
23729;23728,22727;27399,25524,22900,25583
21399;23387;21169,21497,22844,28170,28219,28218,28217,28558,28557
1955;;